0689878842
19731686017
0439771331
9780822008651
0590428330
0140363602
0141308206
9780810914933
55305699075
9780064401845
9780060575298

1560760478
0880389206
0451524462
0446532274
0446532282

0684801582
9780553371307
9780806516523
9780062506528
9780892819270
9780826347305

0451210840
9780345500939
0345456327
0345373243
9780061174278
9780385733571
03850035871795

0439322359
0671761927

0590451227
1594480001
0439412811
9780689808821
0440413796
0440227194
015202073x
0142020764

9780545133609
9781799903178
9781579122720
9780061243585
9780740746581
0448401231
0786702982
0812517725
9780142409824
0385479565
9781400201655

0141304707
9780060584665
9781608321179
9780312604271
9781595620156
0590136011
0141301147
0553573012
038000321x

0399532692
0441009034
9780385494786
006057528x
0451524780
006109398x
9780765312822
9780760786222
0451529995
0590434519
0786838655
038000917x

9780786849598
0553405071
0812511816
0698119134
0765340054
0609610732
0142405787
0763625892

9780786939954
9780786926909
9780742560840
9781429233415
9780374406960
0671799320
9780062506351
0446613304
9781416991779
9781933631301
0446532215
0590381571
0399242562

0963865439
0374455031
0670036293
9780439837743
9781555974497
9781555975678
9780156724005
9781402208690
1847240186
9780140447743

9780520260139
9780748621361
0395428572
0794503314

9780879696368
0762402164
0439233208
1892051206
9781402716089
0152012818
706401239
0753457792
9780981804033
0762100117
0806960981
0764131923
9781560259794

0811804623
0760710651
0152005420
0785805729
015200520x
1580865380

0201812495
0321691229

0226458040
9781554510870
9780762494170
9780316449984
0600610487
0836854020